2 3.898399882018566e-05
5 1.8786497093969956e-05
10 2.7941001462750137e-05
12 2.167950151488185e-05
20 3.2411997381132096e-05
35 0.00011985750097665004
40 5.3814499551663175e-05
45 5.617200076812878e-05
50 7.35414978407789e-05
55 6.481549644377083e-05
60 6.773350105504505e-05
75 0.00011043699851143174
100 0.0008477334959025029
125 0.0013803570000163745
160 0.0024613889981992543
200 0.00046818150440230966
350 0.0013743780000368133
500 0.0038281880006252322
1000 0.018072347000270383
2000 0.11696475649659988
5000 1.0759537720005028
10000 9.459681366501172
20000 74.50415440299548
