2 1.452599826734513e-05
5 4.663450090447441e-05
10 1.6359001165255904e-05
12 1.60844974743668e-05
20 2.288899850100279e-05
35 5.658099689753726e-05
40 4.321950109442696e-05
45 4.7066503611858934e-05
50 6.222099909791723e-05
55 5.602899909717962e-05
60 5.9841004258487374e-05
75 0.00011869900117744692
100 0.00012032149606966414
125 0.0001649524965614546
160 0.00022650249957223423
200 0.00040124500446836464
350 0.0013363539983402006
500 0.0018492399976821616
1000 0.01447617950179847
2000 0.11197642400293262
5000 1.0977779514978465
10000 9.78869999699964
20000 78.96088365649848
