2 1.4678198203910142e-05
5 1.4078599633648992e-05
10 1.6773000243119896e-05
12 1.7104200378526e-05
20 2.3133400827646255e-05
35 4.371759860077873e-05
40 4.0066799556370825e-05
45 7.019080221652985e-05
50 5.666679790010676e-05
55 8.595419931225478e-05
60 8.201860182452947e-05
75 7.656459929421544e-05
100 0.00011743219802156091
125 0.00016104359965538607
160 0.00016448100213892758
200 0.00021375439828261734
350 0.0007643455974175595
500 0.0013322689992492087
1000 0.007570786599535495
2000 0.04931400419882266
5000 0.482214331200521
10000 3.4153053669986546
15000 13.537665650797134
20000 29.047946691999094
