2 3.8330198731273415e-05
5 3.588300169212744e-05
10 5.244779895292595e-05
12 3.829859924735502e-05
20 4.180939868092537e-05
35 5.635519919451326e-05
40 7.964980031829327e-05
45 0.00010901679925154895
50 7.762079767417162e-05
55 9.336120128864423e-05
60 9.935360139934346e-05
75 9.366080048494041e-05
100 0.00011876319913426415
125 0.0001671825986704789
160 0.0002786464014207013
200 0.00021208499965723603
350 0.0006195935988216661
500 0.001560786398476921
1000 0.011146052202093415
2000 0.07213831000117352
5000 0.8356816765997792
10000 4.6868747761996925
15000 12.280629046801186
20000 28.180393369600644
