2 5.8467201597522944e-05
5 4.882879875367507e-05
10 5.112780054332689e-05
12 6.231960287550464e-05
20 6.063399778213352e-05
35 0.0001093545972253196
40 9.427120094187557e-05
45 0.00014726680383319034
50 0.00012401120329741389
55 0.00016888899699551985
60 0.0001542475976748392
75 0.00015102939796634017
100 0.00017701359902275727
125 0.0002688167995074764
160 0.0003835140014416538
200 0.0003368564008269459
350 0.001181110199831892
500 0.002487809800368268
1000 0.01473774899932323
2000 0.09339555100159487
5000 1.0060752110002795
10000 6.129088817400043
15000 20.14459306999779
20000 40.67631801220123
