2 2.8122600633651017e-05
5 2.3014600446913392e-05
10 3.1894800486043096e-05
12 2.992779918713495e-05
20 3.779759863391519e-05
35 8.940499828895554e-05
40 7.05235986970365e-05
45 0.0001177604019176215
50 0.0001142739987699315
55 0.00015904699685052038
60 0.0001326595986029133
75 0.00014251359971240163
100 0.00020130880002398044
125 0.0004086770000867546
160 0.00044468479900388046
200 0.0010381355998106301
350 0.002499869398889132
500 0.004206844000145793
1000 0.022321137199469376
2000 0.16540733140136582
5000 1.7539837299991632
10000 12.375305646599736
15000 45.85601782779995
20000 109.7568380554003
