2 3.911139938281849e-05
5 4.209399921819568e-05
10 4.7710401122458276e-05
12 4.3124801595695314e-05
20 4.697959957411513e-05
35 6.318899831967429e-05
40 7.217679813038557e-05
45 0.0001159071980509907
50 8.110320050036535e-05
55 0.00010303139861207455
60 0.00011097479873569682
75 9.918380092130974e-05
100 0.0001380255984258838
125 0.00018547740037320182
160 0.0002444052021019161
200 0.0002264396011014469
350 0.0008431663998635485
500 0.0015980344003764912
1000 0.011115163999784272
2000 0.07348910399741726
5000 0.8461281208015862
10000 4.557631477399264
15000 12.38911056460056
20000 28.05530550060066
