2 4.883839865215123e-05
5 4.626599838957191e-05
10 4.986200074199587e-05
12 5.9413201233837755e-05
20 5.9702401631511745e-05
35 8.883400005288422e-05
40 9.395960078109055e-05
45 0.0001354061998426914
50 0.00011770660348702222
55 0.00015265239926520735
60 0.00015085559862200172
75 0.0001532424023025669
100 0.0002226580007118173
125 0.0002941831975476816
160 0.0002952554015791975
200 0.00038408520194934683
350 0.001442705599765759
500 0.002741449998575263
1000 0.014606390401604585
2000 0.10803095700102858
5000 1.0566408230006346
10000 5.950758940599917
15000 17.223999196600925
20000 38.321965190800256
